#
#"Theta / deg"	"Farfield (PAA_FA_FREQ) [Array Scanning1] [dBi]"
#--------------------------------------------------------------
-180.00000000000	-19.708312811182
-179.00000000000	-12.169780249196
-178.00000000000	-9.3602435424770
-177.00000000000	-9.4536431840474
-176.00000000000	-12.566841574994
-175.00000000000	-22.068300748200
-174.00000000000	-16.675579361528
-173.00000000000	-10.619957214588
-172.00000000000	-8.7732407328525
-171.00000000000	-9.5744183545518
-170.00000000000	-13.632365466413
-169.00000000000	-26.151473222510
-168.00000000000	-15.211291798164
-167.00000000000	-10.145899681744
-166.00000000000	-8.7735566688316
-165.00000000000	-9.9363065934892
-164.00000000000	-14.367858114506
-163.00000000000	-22.647817115508
-162.00000000000	-13.907409104052
-161.00000000000	-9.6538808834094
-160.00000000000	-8.4474940334279
-159.00000000000	-9.5051447785995
-158.00000000000	-13.470251861834
-157.00000000000	-26.948233179891
-156.00000000000	-17.779447023596
-155.00000000000	-11.728472227207
-154.00000000000	-9.9472025977792
-153.00000000000	-10.625564972332
-152.00000000000	-14.097782805250
-151.00000000000	-24.001607433044
-150.00000000000	-18.582364973355
-149.00000000000	-12.316169045481
-148.00000000000	-10.120088233750
-147.00000000000	-10.221951239121
-146.00000000000	-12.664510378698
-145.00000000000	-19.336592253721
-144.00000000000	-20.826485855585
-143.00000000000	-12.595028308112
-142.00000000000	-9.0710354331990
-141.00000000000	-7.7367891265491
-140.00000000000	-8.0205920149991
-139.00000000000	-10.063155281549
-138.00000000000	-15.132557552427
-137.00000000000	-29.207647514999
-136.00000000000	-14.556509014279
-135.00000000000	-9.1909274177338
-134.00000000000	-6.6310826056610
-133.00000000000	-5.5348226429933
-132.00000000000	-5.5164344094376
-131.00000000000	-6.4811390789343
-130.00000000000	-8.4825176076681
-129.00000000000	-11.475384978756
-128.00000000000	-13.665099343392
-127.00000000000	-11.799274404555
-126.00000000000	-8.9468225155334
-125.00000000000	-6.9609271036230
-124.00000000000	-5.8154098352376
-123.00000000000	-5.2997050090938
-122.00000000000	-5.2041668163594
-121.00000000000	-5.2735339004048
-120.00000000000	-5.1887627266623
-119.00000000000	-4.6889994811327
-118.00000000000	-3.7707080840412
-117.00000000000	-2.6529034546188
-116.00000000000	-1.5607364617728
-115.00000000000	-0.62374234698082
-114.00000000000	0.10805851693511
-113.00000000000	0.62543122670660
-112.00000000000	0.93660140619576
-111.00000000000	1.0560028935514
-110.00000000000	0.99969955023358
-109.00000000000	0.78398685765901
-108.00000000000	0.42562768878180
-107.00000000000	-0.057002171423717
-106.00000000000	-0.64159058821342
-105.00000000000	-1.2987435447419
-104.00000000000	-1.9879977352262
-103.00000000000	-2.6544415054263
-102.00000000000	-3.2294330170232
-101.00000000000	-3.6405708826449
-100.00000000000	-3.8324524004176
-99.000000000000	-3.7882850878274
-98.000000000000	-3.5350777386177
-97.000000000000	-3.1275720756784
-96.000000000000	-2.6250468721218
-95.000000000000	-2.0759709963102
-94.000000000000	-1.5138912032958
-93.000000000000	-0.95901499171925
-92.000000000000	-0.42233068949336
-91.000000000000	0.090992681697488
-90.000000000000	0.57909439608700
-89.000000000000	1.0417802717390
-88.000000000000	1.4795528478340
-87.000000000000	1.8929893942935
-86.000000000000	2.2824469723035
-85.000000000000	2.6478917645532
-84.000000000000	2.9888915604331
-83.000000000000	3.3043480642026
-82.000000000000	3.5928218116863
-81.000000000000	3.8523309984517
-80.000000000000	4.0803873629026
-79.000000000000	4.2739690272914
-78.000000000000	4.4294682764884
-77.000000000000	4.5426072371280
-76.000000000000	4.6083139547066
-75.000000000000	4.6205498665900
-74.000000000000	4.5720766727943
-73.000000000000	4.4541451154830
-72.000000000000	4.2560783031650
-71.000000000000	3.9648579119558
-70.000000000000	3.5638559735368
-69.000000000000	3.0322823477199
-68.000000000000	2.3431014493985
-67.000000000000	1.4602791695956
-66.000000000000	0.33393859207407
-65.000000000000	-1.1085866099230
-64.000000000000	-2.9807929246852
-63.000000000000	-5.4780136073257
-62.000000000000	-8.9815359669724
-61.000000000000	-14.319571432078
-60.000000000000	-20.317563506584
-59.000000000000	-15.494181045131
-58.000000000000	-11.422226334076
-57.000000000000	-9.2728479483229
-56.000000000000	-8.2324219335128
-55.000000000000	-7.8286055222123
-54.000000000000	-7.5451096049236
-53.000000000000	-6.7189409993508
-52.000000000000	-5.0627859922650
-51.000000000000	-2.9982226042469
-50.000000000000	-1.0385182113172
-49.000000000000	0.56602637787064
-48.000000000000	1.7307439918239
-47.000000000000	2.4232272591922
-46.000000000000	2.6080931610111
-45.000000000000	2.2177925336137
-44.000000000000	1.1156383008608
-43.000000000000	-0.98462972356651
-42.000000000000	-4.7429907044494
-41.000000000000	-10.881114227378
-40.000000000000	-7.8619490334770
-39.000000000000	-2.1811013014125
-38.000000000000	1.1293217619555
-37.000000000000	3.0461269588281
-36.000000000000	3.9813210532525
-35.000000000000	4.0663437603102
-34.000000000000	3.2690542211384
-33.000000000000	1.3724145737399
-32.000000000000	-2.2314712947139
-31.000000000000	-9.1313611833907
-30.000000000000	-9.0296103261454
-29.000000000000	-2.6377869553505
-28.000000000000	0.37596835612830
-27.000000000000	1.4355244976663
-26.000000000000	0.86479559039101
-25.000000000000	-1.7943386204414
-24.000000000000	-9.2456692528455
-23.000000000000	-9.3215765054054
-22.000000000000	-0.059485546670009
-21.000000000000	4.1760814129193
-20.000000000000	6.4733393563709
-19.000000000000	7.5639548989133
-18.000000000000	7.7031288437876
-17.000000000000	6.9820686274368
-16.000000000000	5.4277590657286
-15.000000000000	3.0891436270231
-14.000000000000	0.24082970163378
-13.000000000000	-2.1141041051185
-12.000000000000	-2.0687672950445
-11.000000000000	0.65451560093713
-10.000000000000	4.0826313586576
-9.0000000000000	6.9834989082745
-8.0000000000000	9.0181044587239
-7.0000000000000	10.111407242408
-6.0000000000000	10.202332977416
-5.0000000000000	9.1339445909741
-4.0000000000000	6.4927957621061
-3.0000000000000	0.96794929050280
-2.0000000000000	-19.253000546599
-1.0000000000000	-2.5440703545425
0.0000000000000	1.3275258396781
1.0000000000000	0.76677439020714
2.0000000000000	-1.5300467253475
3.0000000000000	3.5400181797484
4.0000000000000	8.9791258881542
5.0000000000000	12.299718141906
6.0000000000000	14.093771871252
7.0000000000000	14.658771609674
8.0000000000000	14.057896927742
9.0000000000000	12.147478427458
10.000000000000	8.4211261518732
11.000000000000	1.0525305935909
12.000000000000	-16.835414499439
13.000000000000	-1.5315291343787
14.000000000000	-1.6771974437398
15.000000000000	-19.543455835674
16.000000000000	1.7991380656617
17.000000000000	8.9718976943786
18.000000000000	12.676003725762
19.000000000000	14.598063235899
20.000000000000	15.207036315661
21.000000000000	14.607890111914
22.000000000000	12.650636313972
23.000000000000	8.7370982074646
24.000000000000	0.36956351677009
25.000000000000	-6.5441938394417
26.000000000000	2.7741963629720
27.000000000000	3.7640702971827
28.000000000000	-0.88916846269858
29.000000000000	-6.1168286081452
30.000000000000	7.0850639925942
31.000000000000	12.321563923165
32.000000000000	15.100067304025
33.000000000000	16.343140433191
34.000000000000	16.230404534241
35.000000000000	14.468629571636
36.000000000000	9.5637887308157
37.000000000000	-6.2085282090588
38.000000000000	12.482579652864
39.000000000000	18.534861304089
40.000000000000	22.033487905398
41.000000000000	24.301302623019
42.000000000000	25.778785932026
43.000000000000	26.667062591112
44.000000000000	27.072386913067
45.000000000000	27.053615327359
46.000000000000	26.640725901091
47.000000000000	25.841774995315
48.000000000000	24.643543425399
49.000000000000	23.005811234646
50.000000000000	20.845364651028
51.000000000000	17.994618248395
52.000000000000	14.078584109667
53.000000000000	7.9970766397375
54.000000000000	-8.0931626303221
55.000000000000	2.2291940206763
56.000000000000	7.9462824169460
57.000000000000	10.283927107825
58.000000000000	11.257967870924
59.000000000000	11.421762120890
60.000000000000	10.997333184073
61.000000000000	10.085340235657
62.000000000000	8.7256248779867
63.000000000000	6.9196912393669
64.000000000000	4.6450776733191
65.000000000000	1.8881429988451
66.000000000000	-1.1817982605765
67.000000000000	-3.6779760661871
68.000000000000	-4.1577457827915
69.000000000000	-3.1688781893475
70.000000000000	-2.1081801327222
71.000000000000	-1.4369475441647
72.000000000000	-1.1828546555544
73.000000000000	-1.2907241981758
74.000000000000	-1.7057521730787
75.000000000000	-2.3810211793790
76.000000000000	-3.2725016885702
77.000000000000	-4.3276432042084
78.000000000000	-5.4686623066239
79.000000000000	-6.5738531204618
80.000000000000	-7.4761728983531
81.000000000000	-8.0155185427367
82.000000000000	-8.1370383138100
83.000000000000	-7.9289186181385
84.000000000000	-7.5461825857060
85.000000000000	-7.1173920043444
86.000000000000	-6.7302632113577
87.000000000000	-6.4187535992248
88.000000000000	-6.1957487006142
89.000000000000	-6.0606528440785
90.000000000000	-6.0056211919758
91.000000000000	-6.0183418721358
92.000000000000	-6.0826611333413
93.000000000000	-6.1784608276039
94.000000000000	-6.2813090330942
95.000000000000	-6.3629197385178
96.000000000000	-6.3951506738937
97.000000000000	-6.3471517529335
98.000000000000	-6.2029816522581
99.000000000000	-5.9592474880444
100.00000000000	-5.6287264149881
101.00000000000	-5.2371850795954
102.00000000000	-4.8171194052226
103.00000000000	-4.4013775246245
104.00000000000	-4.0185705442552
105.00000000000	-3.6904078315774
106.00000000000	-3.4300133383238
107.00000000000	-3.2400793491896
108.00000000000	-3.1100855939519
109.00000000000	-3.0105111393287
110.00000000000	-2.8981889360699
111.00000000000	-2.7112602818444
112.00000000000	-2.3922673455900
113.00000000000	-1.9145728203193
114.00000000000	-1.3024202853691
115.00000000000	-0.62563155209302
116.00000000000	0.024867524529604
117.00000000000	0.56013593416225
118.00000000000	0.89676004026135
119.00000000000	0.95674137224589
120.00000000000	0.64993790230348
121.00000000000	-0.15111848035333
122.00000000000	-1.6656822480668
123.00000000000	-4.3491377636188
124.00000000000	-9.2921878230112
125.00000000000	-13.101102197235
126.00000000000	-5.5778414639745
127.00000000000	-0.51828932878643
128.00000000000	2.8128895744577
129.00000000000	5.1925092502948
130.00000000000	6.9521495259638
131.00000000000	8.2583378429506
132.00000000000	9.2055173963641
133.00000000000	9.8501247767156
134.00000000000	10.224299018872
135.00000000000	10.340329704182
136.00000000000	10.191120106663
137.00000000000	9.7479384395993
138.00000000000	8.9554931132186
139.00000000000	7.7211847166127
140.00000000000	5.8890952442348
141.00000000000	3.1710165343351
142.00000000000	-1.0838063889343
143.00000000000	-8.8574632448948
144.00000000000	-11.608618274424
145.00000000000	-4.4210748779909
146.00000000000	-1.5453938497641
147.00000000000	-0.71302645305719
148.00000000000	-1.3343469371283
149.00000000000	-3.3559110435244
150.00000000000	-6.9034127604997
151.00000000000	-10.569168337058
152.00000000000	-9.4327338216364
153.00000000000	-7.3309200246915
154.00000000000	-7.0185521865736
155.00000000000	-8.7819291829339
156.00000000000	-13.270200823127
157.00000000000	-17.168504221240
158.00000000000	-11.845419673893
159.00000000000	-8.8238764217216
160.00000000000	-8.2679657985195
161.00000000000	-9.7144228706550
162.00000000000	-12.480598866067
163.00000000000	-12.432525361024
164.00000000000	-9.5332726492135
165.00000000000	-7.8967399004189
166.00000000000	-8.1284753550093
167.00000000000	-10.433565957877
168.00000000000	-14.880266908971
169.00000000000	-14.999724974478
170.00000000000	-11.160763627686
171.00000000000	-9.6725203995295
172.00000000000	-10.667691816184
173.00000000000	-14.475629511857
174.00000000000	-17.064911390133
175.00000000000	-11.884378159964
176.00000000000	-8.8930463498446
177.00000000000	-8.4019953145391
178.00000000000	-10.357638578551
179.00000000000	-16.087570227036
180.00000000000	-19.708312811182
