Theta [deg.]  Phi   [deg.]  Abs(Dir.)[dBi   ]   Abs(Theta)[dBi   ]  Phase(Theta)[deg.]  Abs(Phi  )[dBi   ]  Phase(Phi  )[deg.]  Ax.Ratio[dB    ]    
------------------------------------------------------------------------------------------------------------------------------------------------------
-180.000           0.000           -5.708e+00          -5.708e+00             349.688          -6.421e+01             254.887           4.000e+01     
-179.000           0.000           -3.281e+00          -3.281e+00               3.388          -6.380e+01             233.642           4.000e+01     
-178.000           0.000           -3.386e+00          -3.386e+00              14.409          -6.304e+01             214.326           4.000e+01     
-177.000           0.000           -6.003e+00          -6.003e+00              30.337          -6.245e+01             201.144           4.000e+01     
-176.000           0.000           -1.110e+01          -1.110e+01              73.515          -6.261e+01             194.680           4.000e+01     
-175.000           0.000           -8.808e+00          -8.808e+00             145.919          -6.373e+01             195.506           4.000e+01     
-174.000           0.000           -4.448e+00          -4.448e+00             172.597          -6.557e+01             206.507           4.000e+01     
-173.000           0.000           -2.857e+00          -2.857e+00             186.105          -6.665e+01             228.752           4.000e+01     
-172.000           0.000           -3.563e+00          -3.563e+00             198.804          -6.580e+01             248.183           4.000e+01     
-171.000           0.000           -6.709e+00          -6.709e+00             219.540          -6.459e+01             253.700           4.000e+01     
-170.000           0.000           -1.067e+01          -1.067e+01             274.349          -6.402e+01             247.127           4.000e+01     
-169.000           0.000           -6.973e+00          -6.973e+00             332.778          -6.384e+01             230.598           4.000e+01     
-168.000           0.000           -3.516e+00          -3.516e+00             355.174          -6.324e+01             207.843           4.000e+01     
-167.000           0.000           -2.458e+00          -2.458e+00               8.691          -6.204e+01             186.054           4.000e+01     
-166.000           0.000           -3.520e+00          -3.520e+00              22.679          -6.091e+01             168.918           4.000e+01     
-165.000           0.000           -6.833e+00          -6.833e+00              46.870          -6.044e+01             155.144           4.000e+01     
-164.000           0.000           -9.697e+00          -9.697e+00             104.757          -6.089e+01             142.047           4.000e+01     
-163.000           0.000           -5.894e+00          -5.894e+00             155.246          -6.231e+01             126.295           4.000e+01     
-162.000           0.000           -2.859e+00          -2.859e+00             176.287          -6.445e+01             102.730           4.000e+01     
-161.000           0.000           -1.966e+00          -1.966e+00             189.862          -6.582e+01              67.432           4.000e+01     
-160.000           0.000           -3.020e+00          -3.020e+00             204.019          -6.491e+01              33.024           4.000e+01     
-159.000           0.000           -6.128e+00          -6.128e+00             227.627          -6.335e+01              11.058           4.000e+01     
-158.000           0.000           -9.025e+00          -9.025e+00             281.536          -6.249e+01             357.347           4.000e+01     
-157.000           0.000           -5.690e+00          -5.690e+00             332.963          -6.253e+01             347.376           4.000e+01     
-156.000           0.000           -2.537e+00          -2.537e+00             355.345          -6.342e+01             338.871           4.000e+01     
-155.000           0.000           -1.345e+00          -1.345e+00               9.100          -6.511e+01             330.762           4.000e+01     
-154.000           0.000           -1.920e+00          -1.920e+00              22.150          -6.759e+01             322.860           4.000e+01     
-153.000           0.000           -4.330e+00          -4.330e+00              40.838          -7.105e+01             316.387           4.000e+01     
-152.000           0.000           -7.949e+00          -7.949e+00              80.842          -7.634e+01             316.945           4.000e+01     
-151.000           0.000           -6.735e+00          -6.735e+00             140.074          -8.432e+01               5.865           4.000e+01     
-150.000           0.000           -3.013e+00          -3.013e+00             170.205          -7.744e+01              72.728           4.000e+01     
-149.000           0.000           -9.600e-01          -9.600e-01             185.779          -7.191e+01              82.843           4.000e+01     
-148.000           0.000           -5.422e-01          -5.422e-01             197.788          -6.871e+01              87.443           4.000e+01     
-147.000           0.000           -1.660e+00          -1.660e+00             210.939          -6.672e+01              92.668           4.000e+01     
-146.000           0.000           -4.428e+00          -4.428e+00             231.614          -6.551e+01              99.728           4.000e+01     
-145.000           0.000           -7.634e+00          -7.634e+00             275.874          -6.482e+01             108.955           4.000e+01     
-144.000           0.000           -5.602e+00          -5.602e+00             330.103          -6.444e+01             120.331           4.000e+01     
-143.000           0.000           -2.091e+00          -2.091e+00             356.647          -6.422e+01             133.472           4.000e+01     
-142.000           0.000           -8.684e-02          -8.684e-02              11.103          -6.402e+01             147.571           4.000e+01     
-141.000           0.000            5.273e-01           5.273e-01              22.185          -6.378e+01             161.531           4.000e+01     
-140.000           0.000           -1.174e-01          -1.174e-01              33.439          -6.356e+01             174.302           4.000e+01     
-139.000           0.000           -2.089e+00          -2.089e+00              48.485          -6.345e+01             185.133           4.000e+01     
-138.000           0.000           -5.328e+00          -5.328e+00              75.933          -6.356e+01             193.558           4.000e+01     
-137.000           0.000           -6.802e+00          -6.802e+00             127.753          -6.398e+01             199.149           4.000e+01     
-136.000           0.000           -3.617e+00          -3.617e+00             169.324          -6.476e+01             201.228           4.000e+01     
-135.000           0.000           -6.181e-01          -6.181e-01             189.542          -6.586e+01             198.595           4.000e+01     
-134.000           0.000            1.119e+00           1.119e+00             201.928          -6.700e+01             189.646           4.000e+01     
-133.000           0.000            1.788e+00           1.788e+00             211.770          -6.754e+01             174.502           4.000e+01     
-132.000           0.000            1.514e+00           1.514e+00             221.310          -6.696e+01             158.268           4.000e+01     
-131.000           0.000            2.933e-01           2.933e-01             232.396          -6.567e+01             146.645           4.000e+01     
-130.000           0.000           -1.976e+00          -1.976e+00             248.275          -6.439e+01             140.267           4.000e+01     
-129.000           0.000           -5.053e+00          -5.053e+00             277.095          -6.346e+01             137.442           4.000e+01     
-128.000           0.000           -5.964e+00          -5.964e+00             325.647          -6.300e+01             136.684           4.000e+01     
-127.000           0.000           -3.010e+00          -3.010e+00               3.415          -6.303e+01             137.024           4.000e+01     
-126.000           0.000           -7.974e-02          -7.974e-02              23.050          -6.360e+01             137.770           4.000e+01     
-125.000           0.000            1.902e+00           1.902e+00              35.173          -6.479e+01             138.257           4.000e+01     
-124.000           0.000            3.081e+00           3.081e+00              44.312          -6.676e+01             137.416           4.000e+01     
-123.000           0.000            3.609e+00           3.609e+00              52.220          -6.987e+01             132.514           4.000e+01     
-122.000           0.000            3.570e+00           3.570e+00              59.776          -7.458e+01             113.008           4.000e+01     
-121.000           0.000            2.984e+00           2.984e+00              67.630          -7.643e+01              55.775           4.000e+01     
-120.000           0.000            1.820e+00           1.820e+00              76.572          -7.149e+01              22.375           4.000e+01     
-119.000           0.000           -8.581e-03          -8.582e-03              88.033          -6.766e+01              14.573           4.000e+01     
-118.000           0.000           -2.584e+00          -2.584e+00             105.353          -6.513e+01              13.856           4.000e+01     
-117.000           0.000           -5.387e+00          -5.387e+00             136.173          -6.340e+01              15.805           4.000e+01     
-116.000           0.000           -5.562e+00          -5.562e+00             181.139          -6.222e+01              19.098           4.000e+01     
-115.000           0.000           -2.710e+00          -2.710e+00             214.037          -6.145e+01              23.242           4.000e+01     
-114.000           0.000            1.573e-01           1.573e-01             232.118          -6.099e+01              28.035           4.000e+01     
-113.000           0.000            2.357e+00           2.357e+00             243.447          -6.079e+01              33.411           4.000e+01     
-112.000           0.000            3.990e+00           3.990e+00             251.703          -6.081e+01              39.381           4.000e+01     
-111.000           0.000            5.196e+00           5.196e+00             258.357          -6.101e+01              46.011           4.000e+01     
-110.000           0.000            6.071e+00           6.071e+00             264.071          -6.137e+01              53.410           4.000e+01     
-109.000           0.000            6.682e+00           6.682e+00             269.180          -6.184e+01              61.718           4.000e+01     
-108.000           0.000            7.074e+00           7.074e+00             273.867          -6.238e+01              71.083           4.000e+01     
-107.000           0.000            7.281e+00           7.281e+00             278.245          -6.293e+01              81.613           4.000e+01     
-106.000           0.000            7.325e+00           7.325e+00             282.383          -6.341e+01              93.265           4.000e+01     
-105.000           0.000            7.225e+00           7.225e+00             286.328          -6.373e+01             105.773           4.000e+01     
-104.000           0.000            6.994e+00           6.994e+00             290.116          -6.384e+01             118.603           4.000e+01     
-103.000           0.000            6.645e+00           6.645e+00             293.770          -6.372e+01             131.080           4.000e+01     
-102.000           0.000            6.186e+00           6.186e+00             297.310          -6.341e+01             142.620           4.000e+01     
-101.000           0.000            5.628e+00           5.628e+00             300.749          -6.297e+01             152.893           4.000e+01     
-100.000           0.000            4.978e+00           4.978e+00             304.094          -6.248e+01             161.823           4.000e+01     
 -99.000           0.000            4.249e+00           4.249e+00             307.346          -6.198e+01             169.496           4.000e+01     
 -98.000           0.000            3.454e+00           3.454e+00             310.499          -6.150e+01             176.065           4.000e+01     
 -97.000           0.000            2.611e+00           2.611e+00             313.532          -6.105e+01             181.691           4.000e+01     
 -96.000           0.000            1.746e+00           1.746e+00             316.408          -6.066e+01             186.518           4.000e+01     
 -95.000           0.000            8.947e-01           8.947e-01             319.066          -6.031e+01             190.662           4.000e+01     
 -94.000           0.000            1.023e-01           1.023e-01             321.426          -6.001e+01             194.216           4.000e+01     
 -93.000           0.000           -5.737e-01          -5.737e-01             323.391          -5.976e+01             197.249           4.000e+01     
 -92.000           0.000           -1.069e+00          -1.069e+00             324.878          -5.954e+01             199.815           4.000e+01     
 -91.000           0.000           -1.321e+00          -1.321e+00             325.851          -5.936e+01             201.955           4.000e+01     
 -90.000           0.000           -1.283e+00          -1.283e+00             326.367          -5.922e+01             203.699           4.000e+01     
 -89.000           0.000           -9.417e-01          -9.417e-01             326.573          -5.910e+01             205.068           4.000e+01     
 -88.000           0.000           -3.191e-01          -3.191e-01             326.664          -5.902e+01             206.077           4.000e+01     
 -87.000           0.000            5.317e-01           5.317e-01             326.817          -5.897e+01             206.735           4.000e+01     
 -86.000           0.000            1.543e+00           1.543e+00             327.141          -5.896e+01             207.044           4.000e+01     
 -85.000           0.000            2.647e+00           2.647e+00             327.678          -5.898e+01             206.998           4.000e+01     
 -84.000           0.000            3.786e+00           3.786e+00             328.418          -5.905e+01             206.580           4.000e+01     
 -83.000           0.000            4.916e+00           4.916e+00             329.328          -5.917e+01             205.760           4.000e+01     
 -82.000           0.000            6.003e+00           6.003e+00             330.366          -5.935e+01             204.487           4.000e+01     
 -81.000           0.000            7.023e+00           7.023e+00             331.496          -5.960e+01             202.683           4.000e+01     
 -80.000           0.000            7.958e+00           7.958e+00             332.688          -5.994e+01             200.225           4.000e+01     
 -79.000           0.000            8.795e+00           8.795e+00             333.921          -6.037e+01             196.933           4.000e+01     
 -78.000           0.000            9.522e+00           9.522e+00             335.180          -6.090e+01             192.537           4.000e+01     
 -77.000           0.000            1.013e+01           1.013e+01             336.457          -6.151e+01             186.662           4.000e+01     
 -76.000           0.000            1.060e+01           1.060e+01             337.750          -6.216e+01             178.826           4.000e+01     
 -75.000           0.000            1.092e+01           1.092e+01             339.063          -6.275e+01             168.579           4.000e+01     
 -74.000           0.000            1.108e+01           1.108e+01             340.405          -6.308e+01             155.894           4.000e+01     
 -73.000           0.000            1.105e+01           1.105e+01             341.796          -6.295e+01             141.755           4.000e+01     
 -72.000           0.000            1.080e+01           1.080e+01             343.266          -6.231e+01             128.080           4.000e+01     
 -71.000           0.000            1.029e+01           1.029e+01             344.869          -6.129e+01             116.606           4.000e+01     
 -70.000           0.000            9.451e+00           9.451e+00             346.698          -6.014e+01             107.953           4.000e+01     
 -69.000           0.000            8.183e+00           8.183e+00             348.937          -5.904e+01             101.933           4.000e+01     
 -68.000           0.000            6.302e+00           6.302e+00             351.995          -5.809e+01              98.122           4.000e+01     
 -67.000           0.000            3.439e+00           3.439e+00             357.011          -5.736e+01              96.169           4.000e+01     
 -66.000           0.000           -1.316e+00          -1.316e+00               8.626          -5.688e+01              95.890           4.000e+01     
 -65.000           0.000           -8.800e+00          -8.800e+00              62.178          -5.666e+01              97.293           4.000e+01     
 -64.000           0.000           -2.895e+00          -2.895e+00             137.003          -5.671e+01             100.596           4.000e+01     
 -63.000           0.000            2.568e+00           2.568e+00             152.482          -5.703e+01             106.280           4.000e+01     
 -62.000           0.000            5.695e+00           5.695e+00             158.400          -5.753e+01             115.083           4.000e+01     
 -61.000           0.000            7.594e+00           7.594e+00             161.861          -5.804e+01             127.772           4.000e+01     
 -60.000           0.000            8.664e+00           8.664e+00             164.415          -5.820e+01             144.195           4.000e+01     
 -59.000           0.000            9.051e+00           9.051e+00             166.636          -5.773e+01             162.065           4.000e+01     
 -58.000           0.000            8.777e+00           8.777e+00             168.860          -5.669e+01             178.070           4.000e+01     
 -57.000           0.000            7.761e+00           7.761e+00             171.445          -5.547e+01             190.619           4.000e+01     
 -56.000           0.000            5.768e+00           5.768e+00             175.090          -5.439e+01             200.025           4.000e+01     
 -55.000           0.000            2.186e+00           2.186e+00             181.973          -5.364e+01             207.207           4.000e+01     
 -54.000           0.000           -4.783e+00          -4.783e+00             205.602          -5.333e+01             212.991           4.000e+01     
 -53.000           0.000           -5.730e+00          -5.730e+00             304.044          -5.351e+01             218.019           4.000e+01     
 -52.000           0.000            1.590e+00           1.590e+00             332.020          -5.431e+01             222.863           4.000e+01     
 -51.000           0.000            5.215e+00           5.215e+00             339.480          -5.589e+01             228.252           4.000e+01     
 -50.000           0.000            7.029e+00           7.029e+00             343.308          -5.865e+01             235.731           4.000e+01     
 -49.000           0.000            7.621e+00           7.621e+00             346.053          -6.348e+01             251.177           4.000e+01     
 -48.000           0.000            7.109e+00           7.109e+00             348.601          -6.999e+01             312.530           4.000e+01     
 -47.000           0.000            5.301e+00           5.301e+00             351.725          -6.419e+01              18.413           4.000e+01     
 -46.000           0.000            1.431e+00           1.431e+00             357.458          -5.960e+01              35.090           4.000e+01     
 -45.000           0.000           -7.817e+00          -7.817e+00              23.618          -5.728e+01              43.375           4.000e+01     
 -44.000           0.000           -4.478e+00          -4.478e+00             143.927          -5.636e+01              49.926           4.000e+01     
 -43.000           0.000            2.622e+00           2.622e+00             158.892          -5.657e+01              56.867           4.000e+01     
 -42.000           0.000            5.672e+00           5.672e+00             163.407          -5.788e+01              66.224           4.000e+01     
 -41.000           0.000            6.804e+00           6.804e+00             166.095          -6.041e+01              82.331           4.000e+01     
 -40.000           0.000            6.443e+00           6.443e+00             168.431          -6.340e+01             116.034           4.000e+01     
 -39.000           0.000            4.402e+00           4.402e+00             171.363          -6.277e+01             163.918           4.000e+01     
 -38.000           0.000           -5.205e-01          -5.205e-01             177.707          -5.962e+01             191.724           4.000e+01     
 -37.000           0.000           -1.425e+01          -1.425e+01             247.044          -5.737e+01             205.034           4.000e+01     
 -36.000           0.000           -1.132e+00          -1.132e+00             335.655          -5.632e+01             212.795           4.000e+01     
 -35.000           0.000            4.049e+00           4.049e+00             342.510          -5.634e+01             218.268           4.000e+01     
 -34.000           0.000            6.054e+00           6.054e+00             345.358          -5.743e+01             222.915           4.000e+01     
 -33.000           0.000            6.129e+00           6.129e+00             347.439          -5.977e+01             228.021           4.000e+01     
 -32.000           0.000            4.265e+00           4.265e+00             349.806          -6.381e+01             236.611           4.000e+01     
 -31.000           0.000           -8.291e-01          -8.291e-01             354.814          -7.016e+01             262.676           4.000e+01     
 -30.000           0.000           -1.707e+01          -1.707e+01              85.599          -7.171e+01             326.044           4.000e+01     
 -29.000           0.000           -4.919e-01          -4.919e-01             159.491          -6.803e+01             343.106           4.000e+01     
 -28.000           0.000            4.335e+00           4.335e+00             164.105          -6.583e+01             329.285           4.000e+01     
 -27.000           0.000            5.944e+00           5.944e+00             166.192          -6.293e+01             303.946           4.000e+01     
 -26.000           0.000            5.413e+00           5.413e+00             167.898          -5.906e+01             284.171           4.000e+01     
 -25.000           0.000            2.369e+00           2.369e+00             170.288          -5.557e+01             272.979           4.000e+01     
 -24.000           0.000           -6.792e+00          -6.792e+00             179.686          -5.292e+01             266.656           4.000e+01     
 -23.000           0.000           -5.405e+00          -5.405e+00             336.290          -5.111e+01             262.701           4.000e+01     
 -22.000           0.000            2.764e+00           2.764e+00             343.889          -5.006e+01             259.901           4.000e+01     
 -21.000           0.000            5.472e+00           5.472e+00             346.019          -4.972e+01             257.681           4.000e+01     
 -20.000           0.000            5.609e+00           5.609e+00             347.496          -5.009e+01             255.806           4.000e+01     
 -19.000           0.000            3.220e+00           3.220e+00             349.340          -5.125e+01             254.297           4.000e+01     
 -18.000           0.000           -4.236e+00          -4.237e+00             354.978          -5.340e+01             253.552           4.000e+01     
 -17.000           0.000           -7.814e+00          -7.814e+00             154.458          -5.712e+01             255.083           4.000e+01     
 -16.000           0.000            2.317e+00           2.317e+00             164.031          -6.437e+01             268.200           4.000e+01     
 -15.000           0.000            5.427e+00           5.427e+00             166.140          -6.810e+01              16.435           4.000e+01     
 -14.000           0.000            5.707e+00           5.707e+00             167.619          -5.930e+01              44.190           4.000e+01     
 -13.000           0.000            3.309e+00           3.309e+00             169.633          -5.527e+01              49.469           4.000e+01     
 -12.000           0.000           -4.517e+00          -4.517e+00             176.645          -5.302e+01              52.702           4.000e+01     
 -11.000           0.000           -6.458e+00          -6.458e+00             333.699          -5.168e+01              56.240           4.000e+01     
 -10.000           0.000            2.905e+00           2.905e+00             343.188          -5.090e+01              60.395           4.000e+01     
  -9.000           0.000            5.773e+00           5.773e+00             345.456          -5.050e+01              64.602           4.000e+01     
  -8.000           0.000            5.785e+00           5.785e+00             347.119          -5.044e+01              67.664           4.000e+01     
  -7.000           0.000            2.892e+00           2.892e+00             349.633          -5.081e+01              67.914           4.000e+01     
  -6.000           0.000           -7.005e+00          -7.005e+00               1.745          -5.176e+01              62.909           4.000e+01     
  -5.000           0.000           -3.298e+00          -3.298e+00             155.213          -5.324e+01              48.239           4.000e+01     
  -4.000           0.000            4.087e+00           4.087e+00             162.205          -5.402e+01              19.157           4.000e+01     
  -3.000           0.000            6.342e+00           6.342e+00             164.402          -5.227e+01             346.831           4.000e+01     
  -2.000           0.000            5.826e+00           5.826e+00             166.209          -4.948e+01             326.086           4.000e+01     
  -1.000           0.000            2.047e+00           2.047e+00             169.422          -4.730e+01             313.594           4.000e+01     
   0.000           0.000           -1.278e+01          -1.278e+01             200.942          -4.602e+01             304.446           3.348e+01     
   1.000           0.000           -1.913e-01          -1.914e-01             336.593          -4.565e+01             296.060           4.000e+01     
   2.000           0.000            5.419e+00           5.419e+00             341.370          -4.616e+01             286.778           4.000e+01     
   3.000           0.000            6.976e+00           6.976e+00             343.400          -4.756e+01             274.844           4.000e+01     
   4.000           0.000            5.822e+00           5.822e+00             345.440          -4.981e+01             257.479           4.000e+01     
   5.000           0.000            8.396e-01           8.396e-01             350.107          -5.247e+01             230.340           4.000e+01     
   6.000           0.000           -1.406e+01          -1.406e+01             107.468          -5.414e+01             192.630           4.000e+01     
   7.000           0.000            2.490e+00           2.490e+00             156.245          -5.411e+01             155.578           4.000e+01     
   8.000           0.000            6.816e+00           6.816e+00             160.018          -5.368e+01             124.630           4.000e+01     
   9.000           0.000            7.793e+00           7.793e+00             162.078          -5.342e+01              95.308           4.000e+01     
  10.000           0.000            6.112e+00           6.112e+00             164.579          -5.292e+01              65.800           4.000e+01     
  11.000           0.000            6.475e-02           6.472e-02             171.777          -5.197e+01              39.473           4.000e+01     
  12.000           0.000           -7.534e+00          -7.534e+00             309.363          -5.108e+01              18.909           4.000e+01     
  13.000           0.000            4.458e+00           4.458e+00             333.685          -5.080e+01               3.147           4.000e+01     
  14.000           0.000            8.127e+00           8.127e+00             337.374          -5.144e+01             349.994           4.000e+01     
  15.000           0.000            8.818e+00           8.818e+00             339.583          -5.323e+01             337.013           4.000e+01     
  16.000           0.000            6.926e+00           6.926e+00             342.428          -5.645e+01             320.299           4.000e+01     
  17.000           0.000            5.076e-01           5.076e-01             351.314          -6.104e+01             289.723           4.000e+01     
  18.000           0.000           -4.906e+00          -4.906e+00             128.123          -6.327e+01             236.761           4.000e+01     
  19.000           0.000            5.974e+00           5.974e+00             149.929          -6.194e+01             202.091           4.000e+01     
  20.000           0.000            9.588e+00           9.588e+00             153.687          -6.227e+01             189.676           4.000e+01     
  21.000           0.000            1.042e+01           1.042e+01             155.843          -6.604e+01             194.759           4.000e+01     
  22.000           0.000            8.886e+00           8.886e+00             158.400          -7.039e+01             263.366           4.000e+01     
  23.000           0.000            3.573e+00           3.573e+00             165.213          -6.271e+01             305.951           4.000e+01     
  24.000           0.000           -7.089e+00          -7.089e+00             283.775          -5.852e+01             310.409           4.000e+01     
  25.000           0.000            6.600e+00           6.600e+00             324.667          -5.694e+01             308.536           4.000e+01     
  26.000           0.000            1.107e+01           1.107e+01             329.065          -5.737e+01             304.048           4.000e+01     
  27.000           0.000            1.263e+01           1.263e+01             331.089          -6.030e+01             296.194           4.000e+01     
  28.000           0.000            1.211e+01           1.211e+01             332.965          -6.911e+01             268.922           4.000e+01     
  29.000           0.000            8.966e+00           8.966e+00             336.498          -6.512e+01             138.426           4.000e+01     
  30.000           0.000           -1.184e+00          -1.184e+00             357.886          -5.733e+01             119.858           4.000e+01     
  31.000           0.000            4.750e+00           4.750e+00             133.954          -5.368e+01             109.916           4.000e+01     
  32.000           0.000            1.218e+01           1.218e+01             142.664          -5.176e+01             100.418           4.000e+01     
  33.000           0.000            1.536e+01           1.536e+01             144.946          -5.091e+01              89.703           4.000e+01     
  34.000           0.000            1.648e+01           1.648e+01             146.155          -5.077e+01              76.727           4.000e+01     
  35.000           0.000            1.584e+01           1.584e+01             147.364          -5.104e+01              60.619           4.000e+01     
  36.000           0.000            1.275e+01           1.275e+01             149.945          -5.135e+01              41.181           4.000e+01     
  37.000           0.000            2.056e+00           2.056e+00             168.966          -5.135e+01              19.884           4.000e+01     
  38.000           0.000            9.873e+00           9.873e+00             311.943          -5.095e+01             359.518           4.000e+01     
  39.000           0.000            1.797e+01           1.797e+01             318.012          -5.038e+01             342.038           4.000e+01     
  40.000           0.000            2.220e+01           2.220e+01             319.217          -4.992e+01             327.675           4.000e+01     
  41.000           0.000            2.487e+01           2.487e+01             319.424          -4.973e+01             315.866           4.000e+01     
  42.000           0.000            2.661e+01           2.661e+01             319.227          -4.986e+01             306.067           4.000e+01     
  43.000           0.000            2.768e+01           2.768e+01             318.802          -5.032e+01             298.043           4.000e+01     
  44.000           0.000            2.821e+01           2.821e+01             318.215          -5.110e+01             291.933           4.000e+01     
  45.000           0.000            2.827e+01           2.827e+01             317.488          -5.218e+01             288.314           4.000e+01     
  46.000           0.000            2.790e+01           2.790e+01             316.622          -5.347e+01             288.257           4.000e+01     
  47.000           0.000            2.712e+01           2.712e+01             315.601          -5.476e+01             293.149           4.000e+01     
  48.000           0.000            2.589e+01           2.589e+01             314.381          -5.555e+01             303.361           4.000e+01     
  49.000           0.000            2.418e+01           2.418e+01             312.880          -5.537e+01             315.823           4.000e+01     
  50.000           0.000            2.190e+01           2.190e+01             310.929          -5.436e+01             325.710           4.000e+01     
  51.000           0.000            1.882e+01           1.882e+01             308.128          -5.308e+01             331.269           4.000e+01     
  52.000           0.000            1.451e+01           1.451e+01             303.261          -5.193e+01             333.405           4.000e+01     
  53.000           0.000            7.571e+00           7.571e+00             290.272          -5.107e+01             333.379           4.000e+01     
  54.000           0.000           -1.129e+00          -1.129e+00             204.694          -5.055e+01             332.074           4.000e+01     
  55.000           0.000            7.051e+00           7.051e+00             149.888          -5.036e+01             330.008           4.000e+01     
  56.000           0.000            1.077e+01           1.077e+01             139.899          -5.050e+01             327.470           4.000e+01     
  57.000           0.000            1.237e+01           1.237e+01             135.041          -5.100e+01             324.603           4.000e+01     
  58.000           0.000            1.284e+01           1.284e+01             131.436          -5.186e+01             321.450           4.000e+01     
  59.000           0.000            1.254e+01           1.254e+01             128.071          -5.315e+01             317.960           4.000e+01     
  60.000           0.000            1.161e+01           1.161e+01             124.425          -5.494e+01             313.935           4.000e+01     
  61.000           0.000            1.008e+01           1.008e+01             119.967          -5.743e+01             308.850           4.000e+01     
  62.000           0.000            7.888e+00           7.888e+00             113.816          -6.103e+01             301.111           4.000e+01     
  63.000           0.000            4.916e+00           4.916e+00             103.985          -6.672e+01             283.556           4.000e+01     
  64.000           0.000            1.107e+00           1.107e+00              85.150          -7.258e+01             212.788           4.000e+01     
  65.000           0.000           -2.067e+00          -2.067e+00              46.824          -6.623e+01             157.340           4.000e+01     
  66.000           0.000           -9.775e-01          -9.775e-01               4.172          -6.184e+01             143.252           4.000e+01     
  67.000           0.000            1.650e+00           1.650e+00             341.724          -5.925e+01             136.525           4.000e+01     
  68.000           0.000            3.590e+00           3.590e+00             330.358          -5.759e+01             132.043           4.000e+01     
  69.000           0.000            4.812e+00           4.812e+00             323.417          -5.650e+01             128.534           4.000e+01     
  70.000           0.000            5.503e+00           5.503e+00             318.462          -5.582e+01             125.535           4.000e+01     
  71.000           0.000            5.797e+00           5.797e+00             314.500          -5.542e+01             122.836           4.000e+01     
  72.000           0.000            5.785e+00           5.785e+00             311.057          -5.524e+01             120.323           4.000e+01     
  73.000           0.000            5.525e+00           5.525e+00             307.882          -5.524e+01             117.926           4.000e+01     
  74.000           0.000            5.063e+00           5.063e+00             304.796          -5.538e+01             115.604           4.000e+01     
  75.000           0.000            4.429e+00           4.429e+00             301.695          -5.564e+01             113.318           4.000e+01     
  76.000           0.000            3.647e+00           3.647e+00             298.486          -5.600e+01             111.040           4.000e+01     
  77.000           0.000            2.739e+00           2.739e+00             295.089          -5.644e+01             108.743           4.000e+01     
  78.000           0.000            1.722e+00           1.722e+00             291.428          -5.694e+01             106.406           4.000e+01     
  79.000           0.000            6.166e-01           6.166e-01             287.425          -5.749e+01             104.005           4.000e+01     
  80.000           0.000           -5.576e-01          -5.576e-01             283.009          -5.807e+01             101.520           4.000e+01     
  81.000           0.000           -1.776e+00          -1.776e+00             278.118          -5.868e+01              98.935           4.000e+01     
  82.000           0.000           -3.011e+00          -3.011e+00             272.711          -5.931e+01              96.236           4.000e+01     
  83.000           0.000           -4.229e+00          -4.229e+00             266.793          -5.993e+01              93.416           4.000e+01     
  84.000           0.000           -5.392e+00          -5.392e+00             260.442          -6.053e+01              90.476           4.000e+01     
  85.000           0.000           -6.466e+00          -6.466e+00             253.827          -6.112e+01              87.429           4.000e+01     
  86.000           0.000           -7.423e+00          -7.423e+00             247.208          -6.166e+01              84.303           4.000e+01     
  87.000           0.000           -8.249e+00          -8.249e+00             240.910          -6.216e+01              81.142           4.000e+01     
  88.000           0.000           -8.947e+00          -8.948e+00             235.265          -6.260e+01              78.003           4.000e+01     
  89.000           0.000           -9.536e+00          -9.536e+00             230.554          -6.298e+01              74.959           4.000e+01     
  90.000           0.000           -1.003e+01          -1.003e+01             226.977          -6.329e+01              72.091           4.000e+01     
  91.000           0.000           -1.046e+01          -1.046e+01             224.649          -6.353e+01              69.485           4.000e+01     
  92.000           0.000           -1.082e+01          -1.082e+01             223.611          -6.372e+01              67.221           4.000e+01     
  93.000           0.000           -1.112e+01          -1.112e+01             223.836          -6.384e+01              65.373           4.000e+01     
  94.000           0.000           -1.133e+01          -1.133e+01             225.228          -6.391e+01              63.998           4.000e+01     
  95.000           0.000           -1.144e+01          -1.144e+01             227.608          -6.394e+01              63.143           4.000e+01     
  96.000           0.000           -1.143e+01          -1.143e+01             230.710          -6.393e+01              62.839           4.000e+01     
  97.000           0.000           -1.129e+01          -1.129e+01             234.198          -6.389e+01              63.104           4.000e+01     
  98.000           0.000           -1.102e+01          -1.102e+01             237.717          -6.383e+01              63.946           4.000e+01     
  99.000           0.000           -1.064e+01          -1.064e+01             240.952          -6.376e+01              65.362           4.000e+01     
 100.000           0.000           -1.018e+01          -1.018e+01             243.672          -6.366e+01              67.342           4.000e+01     
 101.000           0.000           -9.676e+00          -9.676e+00             245.752          -6.356e+01              69.865           4.000e+01     
 102.000           0.000           -9.163e+00          -9.163e+00             247.152          -6.345e+01              72.901           4.000e+01     
 103.000           0.000           -8.665e+00          -8.665e+00             247.897          -6.332e+01              76.411           4.000e+01     
 104.000           0.000           -8.204e+00          -8.204e+00             248.055          -6.319e+01              80.346           4.000e+01     
 105.000           0.000           -7.795e+00          -7.795e+00             247.722          -6.305e+01              84.649           4.000e+01     
 106.000           0.000           -7.454e+00          -7.454e+00             247.015          -6.291e+01              89.256           4.000e+01     
 107.000           0.000           -7.193e+00          -7.194e+00             246.074          -6.277e+01              94.103           4.000e+01     
 108.000           0.000           -7.025e+00          -7.025e+00             245.034          -6.266e+01              99.128           4.000e+01     
 109.000           0.000           -6.976e+00          -6.976e+00             244.139          -6.257e+01             104.283           4.000e+01     
 110.000           0.000           -7.069e+00          -7.069e+00             243.623          -6.253e+01             109.532           4.000e+01     
 111.000           0.000           -7.338e+00          -7.338e+00             243.826          -6.256e+01             114.865           4.000e+01     
 112.000           0.000           -7.820e+00          -7.820e+00             245.250          -6.268e+01             120.306           4.000e+01     
 113.000           0.000           -8.555e+00          -8.555e+00             248.690          -6.293e+01             125.926           4.000e+01     
 114.000           0.000           -9.542e+00          -9.542e+00             255.474          -6.332e+01             131.867           4.000e+01     
 115.000           0.000           -1.062e+01          -1.062e+01             267.632          -6.391e+01             138.378           4.000e+01     
 116.000           0.000           -1.123e+01          -1.123e+01             286.670          -6.472e+01             145.892           4.000e+01     
 117.000           0.000           -1.056e+01          -1.056e+01             309.174          -6.578e+01             155.158           4.000e+01     
 118.000           0.000           -8.739e+00          -8.739e+00             327.719          -6.704e+01             167.391           4.000e+01     
 119.000           0.000           -6.660e+00          -6.660e+00             339.982          -6.828e+01             184.163           4.000e+01     
 120.000           0.000           -4.861e+00          -4.861e+00             347.808          -6.895e+01             205.763           4.000e+01     
 121.000           0.000           -3.534e+00          -3.534e+00             353.167          -6.852e+01             228.194           4.000e+01     
 122.000           0.000           -2.760e+00          -2.760e+00             357.394          -6.726e+01             245.908           4.000e+01     
 123.000           0.000           -2.638e+00          -2.638e+00               1.524          -6.587e+01             257.511           4.000e+01     
 124.000           0.000           -3.363e+00          -3.363e+00               6.853          -6.475e+01             264.250           4.000e+01     
 125.000           0.000           -5.340e+00          -5.340e+00              16.436          -6.405e+01             267.357           4.000e+01     
 126.000           0.000           -9.107e+00          -9.107e+00              42.513          -6.385e+01             267.389           4.000e+01     
 127.000           0.000           -9.085e+00          -9.085e+00             108.715          -6.420e+01             264.172           4.000e+01     
 128.000           0.000           -2.656e+00          -2.656e+00             143.361          -6.513e+01             256.546           4.000e+01     
 129.000           0.000            2.188e+00           2.188e+00             154.495          -6.654e+01             241.681           4.000e+01     
 130.000           0.000            5.649e+00           5.649e+00             159.507          -6.767e+01             215.609           4.000e+01     
 131.000           0.000            8.212e+00           8.212e+00             162.283          -6.684e+01             182.904           4.000e+01     
 132.000           0.000            1.012e+01           1.012e+01             164.010          -6.435e+01             157.731           4.000e+01     
 133.000           0.000            1.148e+01           1.148e+01             165.157          -6.180e+01             141.776           4.000e+01     
 134.000           0.000            1.236e+01           1.236e+01             165.942          -5.975e+01             130.830           4.000e+01     
 135.000           0.000            1.277e+01           1.277e+01             166.472          -5.826e+01             122.237           4.000e+01     
 136.000           0.000            1.270e+01           1.270e+01             166.796          -5.726e+01             114.707           4.000e+01     
 137.000           0.000            1.210e+01           1.210e+01             166.918          -5.670e+01             107.604           4.000e+01     
 138.000           0.000            1.089e+01           1.089e+01             166.790          -5.656e+01             100.604           4.000e+01     
 139.000           0.000            8.890e+00           8.890e+00             166.261          -5.682e+01              93.549           4.000e+01     
 140.000           0.000            5.715e+00           5.715e+00             164.875          -5.750e+01              86.390           4.000e+01     
 141.000           0.000            3.377e-01           3.377e-01             160.701          -5.865e+01              79.172           4.000e+01     
 142.000           0.000           -1.216e+01          -1.216e+01             127.957          -6.035e+01              72.063           4.000e+01     
 143.000           0.000           -5.408e+00          -5.408e+00               7.370          -6.279e+01              65.506           4.000e+01     
 144.000           0.000           -2.823e-02          -2.823e-02             358.560          -6.636e+01              60.813           4.000e+01     
 145.000           0.000            1.595e+00           1.595e+00             356.005          -7.200e+01              63.721           4.000e+01     
 146.000           0.000            1.148e+00           1.148e+00             354.509          -7.928e+01             114.548           4.000e+01     
 147.000           0.000           -1.359e+00          -1.359e+00             352.728          -7.353e+01             165.891           4.000e+01     
 148.000           0.000           -7.510e+00          -7.510e+00             347.586          -6.922e+01             166.720           4.000e+01     
 149.000           0.000           -1.995e+01          -1.995e+01             221.454          -6.690e+01             158.377           4.000e+01     
 150.000           0.000           -5.870e+00          -5.870e+00             185.071          -6.552e+01             147.235           4.000e+01     
 151.000           0.000           -2.005e+00          -2.005e+00             182.234          -6.463e+01             135.530           4.000e+01     
 152.000           0.000           -1.120e+00          -1.120e+00             181.642          -6.404e+01             124.932           4.000e+01     
 153.000           0.000           -2.468e+00          -2.468e+00             181.842          -6.370e+01             116.868           4.000e+01     
 154.000           0.000           -6.897e+00          -6.897e+00             182.812          -6.359e+01             112.419           4.000e+01     
 155.000           0.000           -2.522e+01          -2.522e+01             194.054          -6.362e+01             112.177           3.849e+01     
 156.000           0.000           -9.289e+00          -9.289e+00               0.946          -6.359e+01             115.726           4.000e+01     
 157.000           0.000           -3.865e+00          -3.865e+00               3.011          -6.329e+01             120.983           4.000e+01     
 158.000           0.000           -2.301e+00          -2.301e+00               4.843          -6.277e+01             124.882           4.000e+01     
 159.000           0.000           -3.174e+00          -3.174e+00               7.424          -6.233e+01             125.216           4.000e+01     
 160.000           0.000           -7.051e+00          -7.051e+00              12.778          -6.223e+01             121.035           4.000e+01     
 161.000           0.000           -1.935e+01          -1.935e+01              50.531          -6.256e+01             111.740           4.000e+01     
 162.000           0.000           -1.015e+01          -1.015e+01             171.977          -6.317e+01              96.754           4.000e+01     
 163.000           0.000           -4.519e+00          -4.519e+00             181.439          -6.363e+01              76.868           4.000e+01     
 164.000           0.000           -2.878e+00          -2.878e+00             186.257          -6.367e+01              55.973           4.000e+01     
 165.000           0.000           -3.781e+00          -3.781e+00             191.517          -6.365e+01              38.439           4.000e+01     
 166.000           0.000           -7.807e+00          -7.807e+00             201.804          -6.430e+01              25.552           4.000e+01     
 167.000           0.000           -1.739e+01          -1.739e+01             262.606          -6.649e+01              16.893           4.000e+01     
 168.000           0.000           -9.013e+00          -9.013e+00             347.383          -7.210e+01              14.125           4.000e+01     
 169.000           0.000           -4.321e+00          -4.321e+00               0.624          -8.415e+01             133.907           4.000e+01     
 170.000           0.000           -3.085e+00          -3.085e+00               7.932          -6.931e+01             165.843           4.000e+01     
 171.000           0.000           -4.391e+00          -4.391e+00              16.108          -6.477e+01             164.722           4.000e+01     
 172.000           0.000           -8.989e+00          -8.989e+00              33.474          -6.309e+01             162.306           4.000e+01     
 173.000           0.000           -1.463e+01          -1.463e+01             113.225          -6.332e+01             160.420           4.000e+01     
 174.000           0.000           -7.302e+00          -7.302e+00             167.450          -6.554e+01             160.800           4.000e+01     
 175.000           0.000           -3.803e+00          -3.803e+00             181.380          -7.072e+01             171.013           4.000e+01     
 176.000           0.000           -3.210e+00          -3.210e+00             190.647          -7.616e+01             240.940           4.000e+01     
 177.000           0.000           -5.142e+00          -5.142e+00             202.277          -6.940e+01             282.013           4.000e+01     
 178.000           0.000           -1.034e+01          -1.034e+01             230.751          -6.591e+01             282.090           4.000e+01     
 179.000           0.000           -1.143e+01          -1.143e+01             313.783          -6.460e+01             271.982           4.000e+01     
