Theta [deg.]  Phi   [deg.]  Abs(Dir.)[dBi   ]   Abs(Theta)[dBi   ]  Phase(Theta)[deg.]  Abs(Phi  )[dBi   ]  Phase(Phi  )[deg.]  Ax.Ratio[dB    ]    
------------------------------------------------------------------------------------------------------------------------------------------------------
-180.000           0.000           -1.118e+01          -1.118e+01             355.929          -7.876e+01             103.497           4.000e+01     
-179.000           0.000           -1.211e+01          -1.211e+01               6.709          -7.616e+01             132.361           4.000e+01     
-178.000           0.000           -1.469e+01          -1.469e+01              35.554          -7.415e+01             142.969           4.000e+01     
-177.000           0.000           -1.444e+01          -1.444e+01              85.808          -7.340e+01             145.856           4.000e+01     
-176.000           0.000           -1.121e+01          -1.121e+01             116.535          -7.365e+01             144.506           4.000e+01     
-175.000           0.000           -9.425e+00          -9.425e+00             130.828          -7.453e+01             139.702           4.000e+01     
-174.000           0.000           -9.696e+00          -9.696e+00             140.355          -7.558e+01             132.162           4.000e+01     
-173.000           0.000           -1.250e+01          -1.250e+01             151.392          -7.633e+01             124.441           4.000e+01     
-172.000           0.000           -1.981e+01          -1.981e+01             184.773          -7.675e+01             120.433           4.000e+01     
-171.000           0.000           -1.763e+01          -1.763e+01             285.747          -7.718e+01             122.654           4.000e+01     
-170.000           0.000           -1.148e+01          -1.148e+01             308.093          -7.795e+01             132.284           4.000e+01     
-169.000           0.000           -9.302e+00          -9.302e+00             316.214          -7.898e+01             151.316           4.000e+01     
-168.000           0.000           -9.644e+00          -9.644e+00             322.225          -7.924e+01             180.309           4.000e+01     
-167.000           0.000           -1.278e+01          -1.278e+01             330.239          -7.774e+01             208.747           4.000e+01     
-166.000           0.000           -2.183e+01          -2.183e+01               1.723          -7.566e+01             226.390           4.000e+01     
-165.000           0.000           -1.758e+01          -1.758e+01             118.080          -7.423e+01             234.289           4.000e+01     
-164.000           0.000           -1.120e+01          -1.120e+01             133.824          -7.378e+01             234.564           4.000e+01     
-163.000           0.000           -9.045e+00          -9.045e+00             139.704          -7.420e+01             226.756           4.000e+01     
-162.000           0.000           -9.355e+00          -9.355e+00             144.208          -7.483e+01             209.099           4.000e+01     
-161.000           0.000           -1.234e+01          -1.234e+01             150.110          -7.446e+01             185.521           4.000e+01     
-160.000           0.000           -2.124e+01          -2.124e+01             171.327          -7.317e+01             167.099           4.000e+01     
-159.000           0.000           -1.886e+01          -1.886e+01             303.503          -7.230e+01             157.352           4.000e+01     
-158.000           0.000           -1.149e+01          -1.149e+01             318.204          -7.274e+01             154.460           4.000e+01     
-157.000           0.000           -8.901e+00          -8.901e+00             323.114          -7.531e+01             159.477           4.000e+01     
-156.000           0.000           -8.729e+00          -8.729e+00             326.647          -8.144e+01             194.028           4.000e+01     
-155.000           0.000           -1.085e+01          -1.085e+01             330.617          -7.775e+01             278.347           4.000e+01     
-154.000           0.000           -1.699e+01          -1.699e+01             339.349          -7.128e+01             297.896           4.000e+01     
-153.000           0.000           -2.559e+01          -2.559e+01             111.435          -6.784e+01             303.927           4.000e+01     
-152.000           0.000           -1.332e+01          -1.332e+01             141.918          -6.614e+01             306.979           4.000e+01     
-151.000           0.000           -9.362e+00          -9.362e+00             147.061          -6.575e+01             308.925           4.000e+01     
-150.000           0.000           -8.121e+00          -8.121e+00             150.160          -6.659e+01             310.167           4.000e+01     
-149.000           0.000           -8.819e+00          -8.819e+00             152.996          -6.894e+01             310.372           4.000e+01     
-148.000           0.000           -1.180e+01          -1.180e+01             156.684          -7.383e+01             307.060           4.000e+01     
-147.000           0.000           -1.990e+01          -1.990e+01             167.229          -8.602e+01             260.467           4.000e+01     
-146.000           0.000           -2.156e+01          -2.156e+01             317.529          -7.656e+01             161.936           4.000e+01     
-145.000           0.000           -1.224e+01          -1.224e+01             330.796          -7.110e+01             157.140           4.000e+01     
-144.000           0.000           -8.827e+00          -8.827e+00             334.626          -6.882e+01             159.098           4.000e+01     
-143.000           0.000           -7.651e+00          -7.651e+00             337.296          -6.813e+01             163.706           4.000e+01     
-142.000           0.000           -8.093e+00          -8.093e+00             339.812          -6.857e+01             170.834           4.000e+01     
-141.000           0.000           -1.029e+01          -1.029e+01             342.780          -6.995e+01             181.510           4.000e+01     
-140.000           0.000           -1.551e+01          -1.551e+01             348.110          -7.207e+01             197.912           4.000e+01     
-139.000           0.000           -3.315e+01          -3.315e+01              70.940          -7.437e+01             222.845           4.000e+01     
-138.000           0.000           -1.557e+01          -1.557e+01             156.763          -7.579e+01             254.813           4.000e+01     
-137.000           0.000           -1.027e+01          -1.027e+01             162.216          -7.612e+01             285.406           4.000e+01     
-136.000           0.000           -7.901e+00          -7.901e+00             165.322          -7.642e+01             312.158           4.000e+01     
-135.000           0.000           -7.072e+00          -7.072e+00             167.974          -7.714e+01             340.665           4.000e+01     
-134.000           0.000           -7.443e+00          -7.443e+00             170.659          -7.735e+01              16.037           4.000e+01     
-133.000           0.000           -9.059e+00          -9.059e+00             173.772          -7.572e+01              50.833           4.000e+01     
-132.000           0.000           -1.245e+01          -1.245e+01             178.275          -7.321e+01              74.557           4.000e+01     
-131.000           0.000           -1.998e+01          -1.998e+01             190.434          -7.111e+01              88.967           4.000e+01     
-130.000           0.000           -2.420e+01          -2.420e+01             327.183          -6.974e+01              97.945           4.000e+01     
-129.000           0.000           -1.403e+01          -1.403e+01             349.440          -6.911e+01             103.525           4.000e+01     
-128.000           0.000           -9.922e+00          -9.922e+00             355.050          -6.922e+01             106.393           4.000e+01     
-127.000           0.000           -7.785e+00          -7.785e+00             358.748          -7.012e+01             106.184           4.000e+01     
-126.000           0.000           -6.754e+00          -6.754e+00               1.960          -7.191e+01             100.880           4.000e+01     
-125.000           0.000           -6.525e+00          -6.525e+00               5.088          -7.448e+01              84.455           4.000e+01     
-124.000           0.000           -6.994e+00          -6.994e+00               8.356          -7.573e+01              48.839           4.000e+01     
-123.000           0.000           -8.176e+00          -8.176e+00              11.995          -7.303e+01              16.025           4.000e+01     
-122.000           0.000           -1.022e+01          -1.022e+01              16.446          -6.958e+01               1.565           4.000e+01     
-121.000           0.000           -1.356e+01          -1.356e+01              22.963          -6.688e+01             356.166           4.000e+01     
-120.000           0.000           -1.956e+01          -1.956e+01              37.824          -6.489e+01             354.572           4.000e+01     
-119.000           0.000           -2.697e+01          -2.697e+01             126.246          -6.342e+01             354.812           3.895e+01     
-118.000           0.000           -1.780e+01          -1.780e+01             180.649          -6.236e+01             356.068           4.000e+01     
-117.000           0.000           -1.303e+01          -1.303e+01             191.811          -6.162e+01             357.959           4.000e+01     
-116.000           0.000           -1.027e+01          -1.027e+01             197.766          -6.114e+01               0.290           4.000e+01     
-115.000           0.000           -8.503e+00          -8.503e+00             202.239          -6.089e+01               2.955           4.000e+01     
-114.000           0.000           -7.351e+00          -7.351e+00             206.096          -6.083e+01               5.900           4.000e+01     
-113.000           0.000           -6.623e+00          -6.623e+00             209.640          -6.094e+01               9.095           4.000e+01     
-112.000           0.000           -6.213e+00          -6.213e+00             212.999          -6.119e+01              12.527           4.000e+01     
-111.000           0.000           -6.057e+00          -6.057e+00             216.228          -6.158e+01              16.199           4.000e+01     
-110.000           0.000           -6.110e+00          -6.110e+00             219.353          -6.208e+01              20.119           4.000e+01     
-109.000           0.000           -6.342e+00          -6.342e+00             222.378          -6.270e+01              24.309           4.000e+01     
-108.000           0.000           -6.732e+00          -6.732e+00             225.300          -6.341e+01              28.796           4.000e+01     
-107.000           0.000           -7.266e+00          -7.266e+00             228.104          -6.422e+01              33.621           4.000e+01     
-106.000           0.000           -7.933e+00          -7.933e+00             230.771          -6.511e+01              38.840           4.000e+01     
-105.000           0.000           -8.727e+00          -8.727e+00             233.271          -6.607e+01              44.531           4.000e+01     
-104.000           0.000           -9.643e+00          -9.643e+00             235.568          -6.711e+01              50.791           4.000e+01     
-103.000           0.000           -1.068e+01          -1.068e+01             237.606          -6.819e+01              57.748           4.000e+01     
-102.000           0.000           -1.184e+01          -1.184e+01             239.310          -6.930e+01              65.553           4.000e+01     
-101.000           0.000           -1.312e+01          -1.312e+01             240.571          -7.040e+01              74.364           4.000e+01     
-100.000           0.000           -1.453e+01          -1.453e+01             241.230          -7.143e+01              84.291           4.000e+01     
 -99.000           0.000           -1.604e+01          -1.604e+01             241.052          -7.233e+01              95.304           4.000e+01     
 -98.000           0.000           -1.764e+01          -1.764e+01             239.709          -7.300e+01             107.116           4.000e+01     
 -97.000           0.000           -1.927e+01          -1.927e+01             236.785          -7.339e+01             119.140           4.000e+01     
 -96.000           0.000           -2.078e+01          -2.078e+01             231.914          -7.348e+01             130.619           4.000e+01     
 -95.000           0.000           -2.198e+01          -2.198e+01             225.187          -7.333e+01             140.897           4.000e+01     
 -94.000           0.000           -2.262e+01          -2.262e+01             217.645          -7.300e+01             149.585           4.000e+01     
 -93.000           0.000           -2.260e+01          -2.260e+01             211.252          -7.259e+01             156.591           4.000e+01     
 -92.000           0.000           -2.203e+01          -2.203e+01             207.621          -7.214e+01             161.990           4.000e+01     
 -91.000           0.000           -2.108e+01          -2.108e+01             207.163          -7.168e+01             165.920           4.000e+01     
 -90.000           0.000           -1.988e+01          -1.988e+01             209.350          -7.125e+01             168.522           4.000e+01     
 -89.000           0.000           -1.851e+01          -1.851e+01             213.316          -7.084e+01             169.911           4.000e+01     
 -88.000           0.000           -1.703e+01          -1.703e+01             218.229          -7.045e+01             170.172           4.000e+01     
 -87.000           0.000           -1.548e+01          -1.548e+01             223.450          -7.008e+01             169.366           4.000e+01     
 -86.000           0.000           -1.390e+01          -1.390e+01             228.568          -6.971e+01             167.539           4.000e+01     
 -85.000           0.000           -1.233e+01          -1.233e+01             233.368          -6.933e+01             164.739           4.000e+01     
 -84.000           0.000           -1.081e+01          -1.081e+01             237.765          -6.891e+01             161.025           4.000e+01     
 -83.000           0.000           -9.357e+00          -9.357e+00             241.764          -6.843e+01             156.503           4.000e+01     
 -82.000           0.000           -7.986e+00          -7.986e+00             245.398          -6.787e+01             151.308           4.000e+01     
 -81.000           0.000           -6.710e+00          -6.710e+00             248.721          -6.721e+01             145.627           4.000e+01     
 -80.000           0.000           -5.536e+00          -5.536e+00             251.790          -6.646e+01             139.675           4.000e+01     
 -79.000           0.000           -4.473e+00          -4.473e+00             254.661          -6.561e+01             133.673           4.000e+01     
 -78.000           0.000           -3.529e+00          -3.529e+00             257.388          -6.468e+01             127.815           4.000e+01     
 -77.000           0.000           -2.713e+00          -2.713e+00             260.024          -6.369e+01             122.251           4.000e+01     
 -76.000           0.000           -2.035e+00          -2.035e+00             262.622          -6.267e+01             117.073           4.000e+01     
 -75.000           0.000           -1.509e+00          -1.509e+00             265.241          -6.164e+01             112.329           4.000e+01     
 -74.000           0.000           -1.152e+00          -1.152e+00             267.953          -6.063e+01             108.025           4.000e+01     
 -73.000           0.000           -9.871e-01          -9.871e-01             270.850          -5.965e+01             104.148           4.000e+01     
 -72.000           0.000           -1.045e+00          -1.045e+00             274.065          -5.873e+01             100.667           4.000e+01     
 -71.000           0.000           -1.367e+00          -1.367e+00             277.805          -5.787e+01              97.551           4.000e+01     
 -70.000           0.000           -2.012e+00          -2.012e+00             282.426          -5.711e+01              94.764           4.000e+01     
 -69.000           0.000           -3.059e+00          -3.059e+00             288.590          -5.645e+01              92.278           4.000e+01     
 -68.000           0.000           -4.605e+00          -4.605e+00             297.672          -5.590e+01              90.067           4.000e+01     
 -67.000           0.000           -6.676e+00          -6.676e+00             312.737          -5.549e+01              88.113           4.000e+01     
 -66.000           0.000           -8.685e+00          -8.685e+00             339.450          -5.522e+01              86.409           4.000e+01     
 -65.000           0.000           -8.536e+00          -8.536e+00              16.283          -5.512e+01              84.958           4.000e+01     
 -64.000           0.000           -6.033e+00          -6.033e+00              44.531          -5.522e+01              83.785           4.000e+01     
 -63.000           0.000           -3.369e+00          -3.369e+00              60.685          -5.555e+01              82.943           4.000e+01     
 -62.000           0.000           -1.302e+00          -1.302e+00              70.519          -5.615e+01              82.538           4.000e+01     
 -61.000           0.000            1.273e-01           1.272e-01              77.415          -5.708e+01              82.776           4.000e+01     
 -60.000           0.000            9.616e-01           9.616e-01              82.963          -5.845e+01              84.076           4.000e+01     
 -59.000           0.000            1.208e+00           1.208e+00              88.063          -6.039e+01              87.377           4.000e+01     
 -58.000           0.000            8.175e-01           8.175e-01              93.462          -6.315e+01              95.128           4.000e+01     
 -57.000           0.000           -3.413e-01          -3.413e-01             100.221          -6.680e+01             114.695           4.000e+01     
 -56.000           0.000           -2.522e+00          -2.522e+00             110.721          -6.879e+01             158.008           4.000e+01     
 -55.000           0.000           -5.989e+00          -5.989e+00             132.502          -6.586e+01             194.902           4.000e+01     
 -54.000           0.000           -8.277e+00          -8.277e+00             182.668          -6.256e+01             209.978           4.000e+01     
 -53.000           0.000           -4.674e+00          -4.674e+00             227.216          -6.025e+01             216.291           4.000e+01     
 -52.000           0.000           -9.384e-01          -9.384e-01             245.660          -5.876e+01             219.318           4.000e+01     
 -51.000           0.000            1.421e+00           1.421e+00             254.942          -5.792e+01             221.037           4.000e+01     
 -50.000           0.000            2.648e+00           2.648e+00             261.096          -5.764e+01             222.410           4.000e+01     
 -49.000           0.000            2.867e+00           2.867e+00             266.220          -5.790e+01             224.165           4.000e+01     
 -48.000           0.000            2.000e+00           2.000e+00             271.606          -5.872e+01             227.180           4.000e+01     
 -47.000           0.000           -3.253e-01          -3.253e-01             279.279          -6.014e+01             232.969           4.000e+01     
 -46.000           0.000           -5.170e+00          -5.170e+00             297.257          -6.214e+01             244.605           4.000e+01     
 -45.000           0.000           -9.863e+00          -9.863e+00              12.699          -6.410e+01             267.252           4.000e+01     
 -44.000           0.000           -2.679e+00          -2.679e+00              63.398          -6.408e+01             298.860           4.000e+01     
 -43.000           0.000            1.695e+00           1.695e+00              75.874          -6.197e+01             322.630           4.000e+01     
 -42.000           0.000            3.873e+00           3.873e+00              81.844          -5.972e+01             335.180           4.000e+01     
 -41.000           0.000            4.539e+00           4.539e+00              86.058          -5.809e+01             341.687           4.000e+01     
 -40.000           0.000            3.764e+00           3.764e+00              90.089          -5.713e+01             345.402           4.000e+01     
 -39.000           0.000            1.062e+00           1.062e+00              95.728          -5.684e+01             347.950           4.000e+01     
 -38.000           0.000           -5.748e+00          -5.748e+00             112.276          -5.721e+01             350.327           4.000e+01     
 -37.000           0.000           -8.372e+00          -8.372e+00             231.778          -5.836e+01             353.530           4.000e+01     
 -36.000           0.000            7.900e-01           7.900e-01             258.019          -6.051e+01             359.376           4.000e+01     
 -35.000           0.000            4.583e+00           4.583e+00             264.146          -6.405e+01              13.337           4.000e+01     
 -34.000           0.000            6.056e+00           6.056e+00             267.560          -6.803e+01              54.547           4.000e+01     
 -33.000           0.000            5.753e+00           5.753e+00             270.430          -6.533e+01             107.920           4.000e+01     
 -32.000           0.000            3.323e+00           3.323e+00             274.069          -6.097e+01             127.723           4.000e+01     
 -31.000           0.000           -3.615e+00          -3.615e+00             284.215          -5.803e+01             134.878           4.000e+01     
 -30.000           0.000           -7.520e+00          -7.520e+00              65.430          -5.614e+01             137.905           4.000e+01     
 -29.000           0.000            2.936e+00           2.936e+00              84.235          -5.496e+01             139.152           4.000e+01     
 -28.000           0.000            6.717e+00           6.717e+00              88.158          -5.431e+01             139.462           4.000e+01     
 -27.000           0.000            7.936e+00           7.936e+00              90.419          -5.412e+01             139.207           4.000e+01     
 -26.000           0.000            7.076e+00           7.076e+00              92.472          -5.433e+01             138.580           4.000e+01     
 -25.000           0.000            3.298e+00           3.298e+00              95.649          -5.494e+01             137.687           4.000e+01     
 -24.000           0.000           -1.144e+01          -1.144e+01             122.135          -5.600e+01             136.572           4.000e+01     
 -23.000           0.000            1.368e+00           1.368e+00             265.501          -5.760e+01             135.197           4.000e+01     
 -22.000           0.000            7.576e+00           7.576e+00             269.867          -5.995e+01             133.330           4.000e+01     
 -21.000           0.000            9.876e+00           9.876e+00             271.657          -6.352e+01             130.114           4.000e+01     
 -20.000           0.000            9.821e+00           9.821e+00             273.029          -6.974e+01             121.045           4.000e+01     
 -19.000           0.000            7.041e+00           7.041e+00             274.782          -8.020e+01              36.994           4.000e+01     
 -18.000           0.000           -3.080e+00          -3.080e+00             282.105          -6.987e+01             335.599           4.000e+01     
 -17.000           0.000            1.895e+00           1.895e+00              87.810          -6.539e+01             328.629           4.000e+01     
 -16.000           0.000            9.735e+00           9.735e+00              91.603          -6.338e+01             326.437           4.000e+01     
 -15.000           0.000            1.261e+01           1.261e+01              92.854          -6.275e+01             325.124           4.000e+01     
 -14.000           0.000            1.290e+01           1.290e+01              93.741          -6.323e+01             323.054           4.000e+01     
 -13.000           0.000            1.037e+01           1.037e+01              94.828          -6.491e+01             317.732           4.000e+01     
 -12.000           0.000            2.228e-01           2.228e-01              99.469          -6.807e+01             301.668           4.000e+01     
 -11.000           0.000            5.942e+00           5.942e+00             270.628          -7.045e+01             253.992           4.000e+01     
 -10.000           0.000            1.394e+01           1.394e+01             272.840          -6.600e+01             208.933           4.000e+01     
  -9.000           0.000            1.701e+01           1.701e+01             273.539          -6.128e+01             192.759           4.000e+01     
  -8.000           0.000            1.749e+01           1.749e+01             273.998          -5.792e+01             185.201           4.000e+01     
  -7.000           0.000            1.495e+01           1.495e+01             274.543          -5.551e+01             179.766           4.000e+01     
  -6.000           0.000            1.596e+00           1.596e+00             278.300          -5.378e+01             174.477           4.000e+01     
  -5.000           0.000            1.459e+01           1.459e+01              92.864          -5.259e+01             168.558           4.000e+01     
  -4.000           0.000            2.247e+01           2.247e+01              93.541          -5.181e+01             161.674           4.000e+01     
  -3.000           0.000            2.662e+01           2.662e+01              93.727          -5.137e+01             153.740           4.000e+01     
  -2.000           0.000            2.909e+01           2.909e+01              93.784          -5.121e+01             144.896           4.000e+01     
  -1.000           0.000            3.044e+01           3.044e+01              93.773          -5.129e+01             135.506           4.000e+01     
   0.000           0.000            3.088e+01           3.088e+01              93.713          -5.160e+01             126.130           4.000e+01     
   1.000           0.000            3.045e+01           3.045e+01              93.606          -5.222e+01             117.426           4.000e+01     
   2.000           0.000            2.910e+01           2.910e+01              93.450          -5.326e+01             110.088           4.000e+01     
   3.000           0.000            2.663e+01           2.663e+01              93.226          -5.496e+01             104.976           4.000e+01     
   4.000           0.000            2.248e+01           2.248e+01              92.875          -5.767e+01             103.829           4.000e+01     
   5.000           0.000            1.460e+01           1.460e+01              92.034          -6.195e+01             112.511           4.000e+01     
   6.000           0.000            1.590e+00           1.590e+00             277.297          -6.667e+01             153.443           4.000e+01     
   7.000           0.000            1.496e+01           1.496e+01             273.379          -6.395e+01             202.560           4.000e+01     
   8.000           0.000            1.752e+01           1.752e+01             272.673          -6.061e+01             216.206           4.000e+01     
   9.000           0.000            1.705e+01           1.705e+01             272.062          -5.930e+01             218.605           4.000e+01     
  10.000           0.000            1.400e+01           1.400e+01             271.231          -5.975e+01             216.797           4.000e+01     
  11.000           0.000            6.088e+00           6.088e+00             269.022          -6.218e+01             210.975           4.000e+01     
  12.000           0.000           -5.231e-03          -5.232e-03              97.201          -6.793e+01             192.031           4.000e+01     
  13.000           0.000            1.034e+01           1.034e+01              92.536          -7.150e+01             100.660           4.000e+01     
  14.000           0.000            1.291e+01           1.291e+01              91.325          -6.395e+01              62.157           4.000e+01     
  15.000           0.000            1.264e+01           1.264e+01              90.306          -6.046e+01              52.686           4.000e+01     
  16.000           0.000            9.817e+00           9.817e+00              88.951          -5.929e+01              47.725           4.000e+01     
  17.000           0.000            2.122e+00           2.122e+00              85.306          -5.990e+01              43.750           4.000e+01     
  18.000           0.000           -3.470e+00          -3.470e+00             278.820          -6.259e+01              38.986           4.000e+01     
  19.000           0.000            6.967e+00           6.967e+00             271.354          -6.952e+01              27.298           4.000e+01     
  20.000           0.000            9.815e+00           9.815e+00             269.487          -7.457e+01             251.653           4.000e+01     
  21.000           0.000            9.922e+00           9.922e+00             267.992          -6.400e+01             226.674           4.000e+01     
  22.000           0.000            7.694e+00           7.694e+00             266.120          -6.000e+01             219.477           4.000e+01     
  23.000           0.000            1.673e+00           1.673e+00             261.966          -5.816e+01             212.969           4.000e+01     
  24.000           0.000           -1.288e+01          -1.288e+01             121.809          -5.752e+01             204.891           4.000e+01     
  25.000           0.000            3.087e+00           3.087e+00              91.003          -5.756e+01             193.953           4.000e+01     
  26.000           0.000            7.010e+00           7.010e+00              87.683          -5.780e+01             179.736           4.000e+01     
  27.000           0.000            7.957e+00           7.957e+00              85.497          -5.778e+01             163.996           4.000e+01     
  28.000           0.000            6.835e+00           6.835e+00              83.135          -5.742e+01             150.359           4.000e+01     
  29.000           0.000            3.231e+00           3.231e+00              79.299          -5.705e+01             141.308           4.000e+01     
  30.000           0.000           -6.490e+00          -6.490e+00              63.590          -5.707e+01             137.252           4.000e+01     
  31.000           0.000           -4.431e+00          -4.431e+00             279.260          -5.774e+01             138.127           4.000e+01     
  32.000           0.000            3.039e+00           3.039e+00             267.986          -5.918e+01             144.921           4.000e+01     
  33.000           0.000            5.645e+00           5.645e+00             264.074          -6.133e+01             161.180           4.000e+01     
  34.000           0.000            6.081e+00           6.081e+00             260.994          -6.303e+01             192.275           4.000e+01     
  35.000           0.000            4.770e+00           4.770e+00             257.434          -6.206e+01             228.574           4.000e+01     
  36.000           0.000            1.279e+00           1.279e+00             251.486          -5.969e+01             252.814           4.000e+01     
  37.000           0.000           -6.895e+00          -6.895e+00             230.394          -5.774e+01             267.856           4.000e+01     
  38.000           0.000           -7.144e+00          -7.144e+00             110.063          -5.651e+01             279.127           4.000e+01     
  39.000           0.000            4.377e-01           4.377e-01              88.848          -5.591e+01             289.355           4.000e+01     
  40.000           0.000            3.431e+00           3.431e+00              82.325          -5.580e+01             299.985           4.000e+01     
  41.000           0.000            4.403e+00           4.403e+00              77.788          -5.606e+01             311.935           4.000e+01     
  42.000           0.000            3.940e+00           3.940e+00              73.182          -5.649e+01             325.741           4.000e+01     
  43.000           0.000            2.058e+00           2.058e+00              67.009          -5.689e+01             341.352           4.000e+01     
  44.000           0.000           -1.726e+00          -1.726e+00              55.477          -5.710e+01             357.908           4.000e+01     
  45.000           0.000           -8.216e+00          -8.216e+00              17.954          -5.708e+01              14.078           4.000e+01     
  46.000           0.000           -6.538e+00          -6.538e+00             298.357          -5.691e+01              28.874           4.000e+01     
  47.000           0.000           -1.341e+00          -1.341e+00             273.201          -5.673e+01              42.071           4.000e+01     
  48.000           0.000            1.300e+00           1.300e+00             263.314          -5.664e+01              53.981           4.000e+01     
  49.000           0.000            2.407e+00           2.407e+00             256.717          -5.664e+01              65.061           4.000e+01     
  50.000           0.000            2.425e+00           2.425e+00             250.695          -5.673e+01              75.665           4.000e+01     
  51.000           0.000            1.495e+00           1.495e+00             243.833          -5.685e+01              85.918           4.000e+01     
  52.000           0.000           -4.058e-01          -4.058e-01             234.321          -5.695e+01              95.681           4.000e+01     
  53.000           0.000           -3.350e+00          -3.350e+00             218.069          -5.699e+01             104.615           4.000e+01     
  54.000           0.000           -6.602e+00          -6.602e+00             185.360          -5.699e+01             112.328           4.000e+01     
  55.000           0.000           -6.494e+00          -6.494e+00             138.985          -5.697e+01             118.518           4.000e+01     
  56.000           0.000           -3.736e+00          -3.736e+00             110.041          -5.699e+01             123.040           4.000e+01     
  57.000           0.000           -1.532e+00          -1.532e+00              95.213          -5.708e+01             125.881           4.000e+01     
  58.000           0.000           -2.379e-01          -2.379e-01              85.881          -5.727e+01             127.103           4.000e+01     
  59.000           0.000            3.113e-01           3.113e-01              78.660          -5.756e+01             126.784           4.000e+01     
  60.000           0.000            2.479e-01           2.479e-01              72.069          -5.797e+01             124.992           4.000e+01     
  61.000           0.000           -3.537e-01          -3.537e-01              65.194          -5.846e+01             121.771           4.000e+01     
  62.000           0.000           -1.455e+00          -1.455e+00              57.144          -5.903e+01             117.155           4.000e+01     
  63.000           0.000           -3.018e+00          -3.018e+00              46.690          -5.963e+01             111.191           4.000e+01     
  64.000           0.000           -4.918e+00          -4.918e+00              31.901          -6.022e+01             103.979           4.000e+01     
  65.000           0.000           -6.703e+00          -6.703e+00              10.514          -6.075e+01              95.717           4.000e+01     
  66.000           0.000           -7.453e+00          -7.453e+00             343.613          -6.118e+01              86.723           4.000e+01     
  67.000           0.000           -6.788e+00          -6.788e+00             318.752          -6.148e+01              77.405           4.000e+01     
  68.000           0.000           -5.509e+00          -5.509e+00             300.837          -6.165e+01              68.188           4.000e+01     
  69.000           0.000           -4.315e+00          -4.315e+00             288.665          -6.173e+01              59.412           4.000e+01     
  70.000           0.000           -3.421e+00          -3.421e+00             280.008          -6.173e+01              51.287           4.000e+01     
  71.000           0.000           -2.843e+00          -2.843e+00             273.405          -6.171e+01              43.893           4.000e+01     
  72.000           0.000           -2.549e+00          -2.549e+00             268.029          -6.169e+01              37.212           4.000e+01     
  73.000           0.000           -2.499e+00          -2.499e+00             263.395          -6.169e+01              31.182           4.000e+01     
  74.000           0.000           -2.660e+00          -2.660e+00             259.205          -6.173e+01              25.718           4.000e+01     
  75.000           0.000           -3.003e+00          -3.003e+00             255.264          -6.180e+01              20.736           4.000e+01     
  76.000           0.000           -3.508e+00          -3.508e+00             251.432          -6.191e+01              16.158           4.000e+01     
  77.000           0.000           -4.154e+00          -4.154e+00             247.597          -6.206e+01              11.922           4.000e+01     
  78.000           0.000           -4.925e+00          -4.925e+00             243.668          -6.225e+01               7.978           4.000e+01     
  79.000           0.000           -5.808e+00          -5.808e+00             239.558          -6.246e+01               4.286           4.000e+01     
  80.000           0.000           -6.786e+00          -6.786e+00             235.186          -6.269e+01               0.820           4.000e+01     
  81.000           0.000           -7.845e+00          -7.845e+00             230.473          -6.294e+01             357.562           4.000e+01     
  82.000           0.000           -8.965e+00          -8.965e+00             225.344          -6.320e+01             354.503           4.000e+01     
  83.000           0.000           -1.013e+01          -1.013e+01             219.736          -6.346e+01             351.641           4.000e+01     
  84.000           0.000           -1.130e+01          -1.130e+01             213.616          -6.372e+01             348.979           4.000e+01     
  85.000           0.000           -1.246e+01          -1.246e+01             207.000          -6.397e+01             346.520           4.000e+01     
  86.000           0.000           -1.357e+01          -1.357e+01             199.976          -6.421e+01             344.276           4.000e+01     
  87.000           0.000           -1.460e+01          -1.460e+01             192.731          -6.443e+01             342.254           4.000e+01     
  88.000           0.000           -1.552e+01          -1.552e+01             185.545          -6.463e+01             340.459           4.000e+01     
  89.000           0.000           -1.634e+01          -1.634e+01             178.760          -6.481e+01             338.892           4.000e+01     
  90.000           0.000           -1.706e+01          -1.706e+01             172.736          -6.497e+01             337.552           4.000e+01     
  91.000           0.000           -1.770e+01          -1.770e+01             167.803          -6.511e+01             336.431           4.000e+01     
  92.000           0.000           -1.829e+01          -1.829e+01             164.247          -6.523e+01             335.513           4.000e+01     
  93.000           0.000           -1.883e+01          -1.883e+01             162.322          -6.533e+01             334.780           4.000e+01     
  94.000           0.000           -1.933e+01          -1.933e+01             162.255          -6.542e+01             334.207           4.000e+01     
  95.000           0.000           -1.975e+01          -1.975e+01             164.230          -6.550e+01             333.763           4.000e+01     
  96.000           0.000           -2.001e+01          -2.001e+01             168.285          -6.558e+01             333.419           4.000e+01     
  97.000           0.000           -2.002e+01          -2.002e+01             174.129          -6.566e+01             333.138           4.000e+01     
  98.000           0.000           -1.968e+01          -1.968e+01             181.035          -6.576e+01             332.888           4.000e+01     
  99.000           0.000           -1.899e+01          -1.899e+01             187.979          -6.589e+01             332.640           4.000e+01     
 100.000           0.000           -1.801e+01          -1.801e+01             194.059          -6.605e+01             332.364           4.000e+01     
 101.000           0.000           -1.685e+01          -1.685e+01             198.805          -6.626e+01             332.039           4.000e+01     
 102.000           0.000           -1.562e+01          -1.562e+01             202.167          -6.654e+01             331.648           4.000e+01     
 103.000           0.000           -1.440e+01          -1.440e+01             204.322          -6.690e+01             331.180           4.000e+01     
 104.000           0.000           -1.323e+01          -1.323e+01             205.521          -6.737e+01             330.640           4.000e+01     
 105.000           0.000           -1.214e+01          -1.214e+01             206.001          -6.797e+01             330.047           4.000e+01     
 106.000           0.000           -1.115e+01          -1.115e+01             205.966          -6.872e+01             329.448           4.000e+01     
 107.000           0.000           -1.027e+01          -1.027e+01             205.579          -6.966e+01             328.940           4.000e+01     
 108.000           0.000           -9.512e+00          -9.512e+00             204.975          -7.084e+01             328.713           4.000e+01     
 109.000           0.000           -8.896e+00          -8.896e+00             204.266          -7.233e+01             329.144           4.000e+01     
 110.000           0.000           -8.433e+00          -8.433e+00             203.551          -7.422e+01             331.021           4.000e+01     
 111.000           0.000           -8.145e+00          -8.145e+00             202.923          -7.660e+01             336.156           4.000e+01     
 112.000           0.000           -8.058e+00          -8.058e+00             202.489          -7.941e+01             348.791           4.000e+01     
 113.000           0.000           -8.208e+00          -8.208e+00             202.377          -8.147e+01              15.236           4.000e+01     
 114.000           0.000           -8.646e+00          -8.646e+00             202.777          -8.042e+01              45.637           4.000e+01     
 115.000           0.000           -9.448e+00          -9.448e+00             204.009          -7.763e+01              61.701           4.000e+01     
 116.000           0.000           -1.073e+01          -1.073e+01             206.691          -7.504e+01              66.984           4.000e+01     
 117.000           0.000           -1.265e+01          -1.265e+01             212.237          -7.295e+01              67.199           4.000e+01     
 118.000           0.000           -1.544e+01          -1.544e+01             224.414          -7.129e+01              65.029           4.000e+01     
 119.000           0.000           -1.859e+01          -1.859e+01             253.451          -6.999e+01              61.744           4.000e+01     
 120.000           0.000           -1.818e+01          -1.818e+01             299.309          -6.900e+01              58.026           4.000e+01     
 121.000           0.000           -1.462e+01          -1.462e+01             326.701          -6.835e+01              54.281           4.000e+01     
 122.000           0.000           -1.161e+01          -1.161e+01             338.717          -6.804e+01              50.778           4.000e+01     
 123.000           0.000           -9.559e+00          -9.559e+00             344.974          -6.815e+01              47.734           4.000e+01     
 124.000           0.000           -8.302e+00          -8.302e+00             348.996          -6.877e+01              45.397           4.000e+01     
 125.000           0.000           -7.739e+00          -7.739e+00             352.217          -7.008e+01              44.229           4.000e+01     
 126.000           0.000           -7.860e+00          -7.860e+00             355.477          -7.243e+01              45.446           4.000e+01     
 127.000           0.000           -8.742e+00          -8.742e+00             359.633          -7.664e+01              53.848           4.000e+01     
 128.000           0.000           -1.059e+01          -1.059e+01               6.279          -8.308e+01             100.625           4.000e+01     
 129.000           0.000           -1.376e+01          -1.376e+01              19.942          -7.801e+01             168.378           4.000e+01     
 130.000           0.000           -1.780e+01          -1.780e+01              56.450          -7.267e+01             181.946           4.000e+01     
 131.000           0.000           -1.635e+01          -1.635e+01             112.880          -6.965e+01             184.842           4.000e+01     
 132.000           0.000           -1.218e+01          -1.218e+01             138.321          -6.798e+01             184.756           4.000e+01     
 133.000           0.000           -9.481e+00          -9.481e+00             148.969          -6.730e+01             183.225           4.000e+01     
 134.000           0.000           -8.116e+00          -8.116e+00             155.234          -6.752e+01             180.479           4.000e+01     
 135.000           0.000           -7.868e+00          -7.868e+00             160.290          -6.869e+01             175.993           4.000e+01     
 136.000           0.000           -8.754e+00          -8.754e+00             165.882          -7.101e+01             167.839           4.000e+01     
 137.000           0.000           -1.105e+01          -1.105e+01             174.544          -7.473e+01             149.345           4.000e+01     
 138.000           0.000           -1.537e+01          -1.537e+01             194.918          -7.777e+01             103.921           4.000e+01     
 139.000           0.000           -1.871e+01          -1.871e+01             256.627          -7.508e+01              60.764           4.000e+01     
 140.000           0.000           -1.380e+01          -1.380e+01             303.787          -7.202e+01              45.429           4.000e+01     
 141.000           0.000           -1.015e+01          -1.015e+01             318.936          -7.041e+01              41.806           4.000e+01     
 142.000           0.000           -8.465e+00          -8.465e+00             326.528          -6.996e+01              44.566           4.000e+01     
 143.000           0.000           -8.303e+00          -8.303e+00             332.345          -7.029e+01              53.311           4.000e+01     
 144.000           0.000           -9.687e+00          -9.687e+00             339.015          -7.083e+01              68.615           4.000e+01     
 145.000           0.000           -1.318e+01          -1.318e+01             351.200          -7.085e+01              88.086           4.000e+01     
 146.000           0.000           -1.946e+01          -1.946e+01              33.894          -7.019e+01             105.426           4.000e+01     
 147.000           0.000           -1.622e+01          -1.622e+01             110.812          -6.956e+01             117.123           4.000e+01     
 148.000           0.000           -1.119e+01          -1.119e+01             132.110          -6.961e+01             123.905           4.000e+01     
 149.000           0.000           -8.952e+00          -8.952e+00             140.556          -7.075e+01             127.269           4.000e+01     
 150.000           0.000           -8.657e+00          -8.657e+00             146.442          -7.356e+01             127.916           4.000e+01     
 151.000           0.000           -1.025e+01          -1.025e+01             153.074          -7.982e+01             123.892           4.000e+01     
 152.000           0.000           -1.456e+01          -1.456e+01             166.409          -9.269e+01             356.901           4.000e+01     
 153.000           0.000           -2.188e+01          -2.188e+01             230.734          -7.827e+01             319.886           4.000e+01     
 154.000           0.000           -1.488e+01          -1.488e+01             299.576          -7.426e+01             316.327           4.000e+01     
 155.000           0.000           -1.047e+01          -1.047e+01             313.417          -7.310e+01             315.280           4.000e+01     
 156.000           0.000           -8.957e+00          -8.957e+00             319.839          -7.381e+01             316.548           4.000e+01     
 157.000           0.000           -9.581e+00          -9.581e+00             325.231          -7.633e+01             323.627           4.000e+01     
 158.000           0.000           -1.273e+01          -1.273e+01             333.299          -8.017e+01             349.648           4.000e+01     
 159.000           0.000           -2.090e+01          -2.090e+01               4.590          -7.972e+01              36.910           4.000e+01     
 160.000           0.000           -1.796e+01          -1.796e+01             112.033          -7.602e+01              55.532           4.000e+01     
 161.000           0.000           -1.163e+01          -1.163e+01             130.582          -7.361e+01              55.733           4.000e+01     
 162.000           0.000           -9.388e+00          -9.388e+00             136.880          -7.240e+01              48.678           4.000e+01     
 163.000           0.000           -9.602e+00          -9.602e+00             141.379          -7.200e+01              37.900           4.000e+01     
 164.000           0.000           -1.246e+01          -1.246e+01             147.282          -7.222e+01              25.200           4.000e+01     
 165.000           0.000           -2.083e+01          -2.083e+01             168.578          -7.306e+01              11.842           4.000e+01     
 166.000           0.000           -1.936e+01          -1.936e+01             295.050          -7.473e+01             358.524           4.000e+01     
 167.000           0.000           -1.202e+01          -1.202e+01             311.558          -7.775e+01             345.223           4.000e+01     
 168.000           0.000           -9.605e+00          -9.605e+00             316.357          -8.348e+01             330.993           4.000e+01     
 169.000           0.000           -9.840e+00          -9.840e+00             319.442          -1.062e+02             292.422           4.000e+01     
 170.000           0.000           -1.293e+01          -1.293e+01             323.012          -8.590e+01             123.720           4.000e+01     
 171.000           0.000           -2.307e+01          -2.307e+01             337.006          -8.026e+01             103.017           4.000e+01     
 172.000           0.000           -1.908e+01          -1.908e+01             128.478          -7.700e+01              82.021           4.000e+01     
 173.000           0.000           -1.187e+01          -1.187e+01             135.673          -7.448e+01              63.383           4.000e+01     
 174.000           0.000           -9.647e+00          -9.647e+00             137.155          -7.255e+01              49.166           4.000e+01     
 175.000           0.000           -1.003e+01          -1.003e+01             136.511          -7.141e+01              39.552           4.000e+01     
 176.000           0.000           -1.314e+01          -1.314e+01             131.595          -7.123e+01              34.144           4.000e+01     
 177.000           0.000           -2.081e+01          -2.081e+01             101.177          -7.217e+01              33.236           4.000e+01     
 178.000           0.000           -1.827e+01          -1.827e+01               8.551          -7.442e+01              39.289           4.000e+01     
 179.000           0.000           -1.276e+01          -1.276e+01             354.209          -7.776e+01              60.739           4.000e+01     
